[note.JPG]
filters=Vignette=1,36.257309,1.391813,0.000000,00000000;Vignette=1,50.000000,1.400000,0.000000,00000000;
moddate=9db9869d88d0d201
width=648
height=423
textactive=0
[view11.jpg]
filters=finetune2=1,0.000000,0.000000,0.213333,00000000,0.309942;sepia=1;bw=1;bw=1;radblur=1,0.168981,0.582397,0.766082,-0.836257;
moddate=4aeb3c11cbe9d201
width=1848
height=1143
textactive=0
[main.jpg]
filters=tilt=1,0.288487,0.000000;finetune2=1,0.000000,0.000000,0.000000,00000000,-0.602339;
moddate=d6829b288cead201
width=1648
height=1140
textactive=0
